55184,151,2024-06-09,2024,6,9,1,5,31.41,157.05,5,BANK TRANSFER,PORT EDWARD,M,23,6,194.54000000000002,2
49232,172,2024-07-03,2024,7,3,4,1,415.86,415.86,4,CASH ON DELIVERY,JOSHUATON,F,53,1,415.86,1
33496,863,2024-09-24,2024,9,24,3,5,174.83,874.1500000000001,5,BANK TRANSFER,PORT GINASIDE,M,71,7,97.09,2
79582,388,2025-01-17,2025,1,17,6,1,78.2,78.2,1,BANK TRANSFER,HUGHESFORT,F,66,5,157.005,2
49017,128,2024-05-07,2024,5,7,3,1,255.32,255.32,4,BANK TRANSFER,SHAWNBURGH,F,70,7,276.88333333333327,3
14520,222,2024-12-22,2024,12,22,1,3,372.61,1117.83,1,CREDIT CARD,BROOKSHAVEN,F,69,10,324.2125,4
33770,716,2025-03-10,2025,3,10,2,1,433.99,433.99,5,CREDIT CARD,EAST FRANKHAVEN,M,42,6,190.57000000000002,3
32080,354,2024-05-13,2024,5,13,2,4,21.6,86.4,3,CREDIT CARD,GARRISONBERG,M,18,9,156.845,2
43949,346,2025-01-28,2025,1,28,3,3,158.75,476.25,4,CREDIT CARD,GRAYSTAD,F,27,3,158.75,1
68792,209,2024-11-09,2024,11,9,7,1,119.39,119.39,5,CASH ON DELIVERY,KEVINVILLE,M,38,8,95.42750000000001,4
35246,209,2024-10-11,2024,10,11,6,3,152.68,458.04,5,BANK TRANSFER,WEST LISA,F,46,8,95.42750000000001,4
96862,146,2024-09-28,2024,9,28,7,5,457.21,2286.0499999999997,3,CASH ON DELIVERY,BARBERSIDE,M,29,11,349.13000000000005,3
54459,676,2024-05-22,2024,5,22,4,5,355.4,1777.0,5,CASH ON DELIVERY,MICHELLEBURY,M,35,5,355.4,1
11871,479,2024-09-23,2024,9,23,2,3,258.28,774.8399999999999,5,BANK TRANSFER,EAST KEVINCHESTER,M,65,10,329.40333333333336,3
25309,977,2024-08-24,2024,8,24,7,3,368.91,1106.73,5,CASH ON DELIVERY,EAST ANTHONY,M,52,11,216.41666666666666,3
65102,294,2024-09-10,2024,9,10,3,1,107.09,107.09,3,BANK TRANSFER,PORT RYANVILLE,F,52,5,59.415,2
51171,608,2024-09-08,2024,9,8,1,1,439.96,439.96,5,BANK TRANSFER,SOUTH TONYA,F,19,1,439.96,1
61935,484,2024-04-14,2024,4,14,1,3,393.51,1180.53,2,BANK TRANSFER,JOHNNYTON,M,68,4,223.345,2
42780,482,2024-11-26,2024,11,26,3,4,121.29,485.16,4,CREDIT CARD,PORT CRAIGFORT,M,32,8,254.42,3
21838,582,2024-06-25,2024,6,25,3,2,289.97,579.94,4,CASH ON DELIVERY,POPEPORT,M,70,2,289.97,1
82168,653,2025-01-23,2025,1,23,5,2,473.57,947.14,5,CREDIT CARD,WEST MATTHEWTON,F,44,5,372.3166666666666,3
91463,110,2024-09-27,2024,9,27,6,5,418.71,2093.5499999999997,3,BANK TRANSFER,JOHNSONBOROUGH,F,66,11,301.27,3
24734,674,2025-03-05,2025,3,5,4,2,95.99,191.98,5,CASH ON DELIVERY,MONICALAND,F,39,5,204.08,2
37787,971,2024-08-02,2024,8,2,6,3,91.52,274.56,5,BANK TRANSFER,WEST MARIATON,M,35,7,147.73,2
74049,354,2024-10-07,2024,10,7,2,5,292.09,1460.4499999999998,3,BANK TRANSFER,WEST JONATHON,F,46,9,156.845,2
92654,693,2024-06-10,2024,6,10,2,1,386.91,386.91,5,CREDIT CARD,WENDYBOROUGH,F,31,4,244.52666666666664,3
78752,158,2024-04-07,2024,4,7,1,5,178.2,891.0,3,CREDIT CARD,LAKE TINAHAVEN,F,49,7,134.98,2
81400,950,2024-08-02,2024,8,2,6,4,167.11,668.44,5,BANK TRANSFER,SOUTH ELIZABETH,M,48,8,256.775,2
52751,399,2024-09-08,2024,9,8,1,3,250.37,751.11,4,CASH ON DELIVERY,COREYFORT,M,43,6,201.76,2
54630,967,2025-02-05,2025,2,5,4,4,416.89,1667.56,4,CASH ON DELIVERY,PORT STEVE,F,64,13,242.54,4
70317,151,2024-08-20,2024,8,20,3,1,357.67,357.67,4,CASH ON DELIVERY,ELLIOTTFORT,F,27,6,194.54000000000002,2
35514,791,2024-08-12,2024,8,12,2,4,216.69,866.76,4,CASH ON DELIVERY,PORT MATTHEWFORT,F,35,4,216.69,1
23420,508,2024-08-19,2024,8,19,2,4,498.66,1994.64,5,CREDIT CARD,PORT ADRIANHAVEN,F,56,5,346.735,2
50437,220,2024-09-20,2024,9,20,6,2,266.27,532.54,2,CASH ON DELIVERY,PORT JASMIN,M,34,7,259.385,2
53754,190,2024-07-11,2024,7,11,5,1,92.5,92.5,2,CASH ON DELIVERY,EAST ERICVIEW,F,73,9,171.99333333333334,3
35219,739,2025-01-03,2025,1,3,6,4,410.06,1640.24,1,CASH ON DELIVERY,EAST LUCAS,M,21,8,163.10333333333335,3
61595,586,2024-11-01,2024,11,1,6,2,395.01,790.02,5,BANK TRANSFER,WEST MASONTON,F,32,2,395.01,1
87052,815,2024-06-13,2024,6,13,5,3,310.7,932.0999999999999,5,BANK TRANSFER,WEBBBURGH,M,67,4,380.755,2
38114,817,2024-05-09,2024,5,9,5,2,287.85,575.7,4,CREDIT CARD,SOUTH BRIANNA,M,20,2,287.85,1
82916,180,2024-08-24,2024,8,24,7,1,375.92,375.92,5,BANK TRANSFER,NEW ALICIA,F,73,7,245.97000000000003,3
22360,766,2024-04-19,2024,4,19,6,3,192.92,578.76,4,CREDIT CARD,PORT MAXWELL,M,68,8,156.33499999999998,2
94316,979,2024-06-14,2024,6,14,6,1,146.35,146.35,2,BANK TRANSFER,GARZACHESTER,M,18,1,146.35,1
61329,311,2024-12-07,2024,12,7,7,2,50.52,101.04,5,BANK TRANSFER,ASHLEYCHESTER,M,74,13,218.90249999999997,4
52189,653,2024-09-01,2024,9,1,1,1,183.61,183.61,4,BANK TRANSFER,LAKE MICHAEL,F,49,5,372.3166666666666,3
15625,852,2024-12-31,2024,12,31,3,4,380.53,1522.12,4,BANK TRANSFER,WILLIAMSFORT,F,45,12,331.5566666666666,3
72701,828,2024-03-22,2024,3,22,6,5,395.78,1978.8999999999999,5,CREDIT CARD,WEBBFORT,F,56,7,300.65,3
21298,479,2025-01-17,2025,1,17,6,4,276.73,1106.92,3,CREDIT CARD,WAYNESIDE,M,55,10,329.40333333333336,3
57419,222,2024-12-15,2024,12,15,1,2,423.22,846.44,2,CREDIT CARD,ALVARADOBURY,M,29,10,324.2125,4
63919,209,2024-04-23,2024,4,23,3,3,12.89,38.67,2,BANK TRANSFER,JEFFREYVILLE,M,54,8,95.42750000000001,4
91161,556,2024-05-29,2024,5,29,4,3,378.67,1136.01,4,CREDIT CARD,PORT CHRISTOPHER,M,25,3,378.67,1
82793,261,2025-01-01,2025,1,1,4,4,321.18,1284.72,2,CASH ON DELIVERY,RAVENLAND,F,49,7,326.71500000000003,2
65235,554,2024-07-29,2024,7,29,2,1,299.39,299.39,3,CREDIT CARD,JOSHUAFORT,M,19,8,226.79666666666665,3
32637,175,2024-07-15,2024,7,15,2,3,101.45,304.35,3,BANK TRANSFER,WEST RICHARD,F,33,13,192.902,5
52213,648,2025-02-21,2025,2,21,6,1,202.55,202.55,5,CASH ON DELIVERY,LAKE JOSEPH,M,57,5,249.525,2
41014,569,2024-07-11,2024,7,11,5,1,390.35,390.35,5,CASH ON DELIVERY,WEST DEANNA,M,34,5,280.09000000000003,2
77187,500,2024-05-03,2024,5,3,6,1,149.72,149.72,5,CREDIT CARD,SOUTH EDGARTOWN,M,40,2,168.615,2
66566,794,2024-07-28,2024,7,28,1,5,100.1,500.5,4,CASH ON DELIVERY,MICHAELSTAD,F,19,5,100.1,1
50447,910,2024-10-21,2024,10,21,2,3,167.32,501.96,5,CREDIT CARD,KATHYTON,M,22,10,117.41666666666667,3
25561,275,2024-11-23,2024,11,23,7,1,330.94,330.94,5,CREDIT CARD,PORT SAMANTHAFORT,F,31,1,330.94,1
52647,806,2024-12-16,2024,12,16,2,4,433.77,1735.08,5,CASH ON DELIVERY,PORT TIMOTHY,M,43,4,433.77,1
75453,260,2024-06-22,2024,6,22,7,3,158.9,476.70000000000005,4,CREDIT CARD,SPENCERSIDE,F,33,9,285.065,4
92942,489,2025-01-17,2025,1,17,6,3,171.95,515.8499999999999,5,BANK TRANSFER,ASHLEYSIDE,F,29,4,204.08499999999998,2
37431,736,2024-04-28,2024,4,28,1,5,422.39,2111.95,5,BANK TRANSFER,LAKE LINDA,M,26,5,422.39,1
48803,285,2024-09-27,2024,9,27,6,1,481.21,481.21,5,BANK TRANSFER,NEW KRISTEN,M,31,5,372.75,2
27117,312,2024-11-27,2024,11,27,4,4,245.65,982.6,4,CREDIT CARD,WEST JONATHANMOUTH,F,66,4,245.65,1
52835,159,2024-04-11,2024,4,11,5,2,381.5,763.0,4,CASH ON DELIVERY,NORTH DAVIDCHESTER,F,31,7,434.515,2
14872,353,2024-03-31,2024,3,31,1,2,272.78,545.56,4,CREDIT CARD,CYNTHIAPORT,M,32,2,272.78,1
47971,363,2024-04-06,2024,4,6,7,5,279.12,1395.6,4,BANK TRANSFER,EAST DAWN,F,47,8,285.93,2
44470,188,2024-03-20,2024,3,20,4,5,28.5,142.5,5,BANK TRANSFER,LAKE TRICIABURGH,F,61,5,28.5,1
62699,722,2024-04-11,2024,4,11,5,4,19.28,77.12,4,BANK TRANSFER,MICHAELCHESTER,M,36,7,160.79333333333332,3
56073,440,2024-05-02,2024,5,2,5,4,121.5,486.0,4,CREDIT CARD,LAKE JENNIFER,M,57,4,121.5,1
66492,112,2025-02-21,2025,2,21,6,4,375.13,1500.52,5,BANK TRANSFER,PORT THOMAS,M,30,10,320.66,3
24054,953,2024-11-05,2024,11,5,3,3,220.73,662.1899999999999,4,CREDIT CARD,LAKE MICHAELFORT,F,26,10,161.23333333333332,3
96674,674,2024-04-30,2024,4,30,3,3,312.17,936.51,,BANK TRANSFER,REEDSIDE,M,21,5,204.08,2
20770,941,2024-11-01,2024,11,1,6,2,391.43,782.86,,CREDIT CARD,MORANLAND,,44,5,316.43333333333334,3
15676,649,2024-04-22,2024,4,22,2,3,355.78,1067.34,,CASH ON DELIVERY,RACHELLAND,M,72,5,243.5,2
92929,716,2024-10-13,2024,10,13,1,2,55.07,110.14,,BANK TRANSFER,ROGERSFURT,,44,6,190.57000000000002,3
53474,892,2024-09-26,2024,9,26,5,5,280.15,1400.75,,BANK TRANSFER,JOHNBURGH,F,44,6,377.45,2
98363,332,2025-01-30,2025,1,30,5,2,160.94,321.88,,BANK TRANSFER,HALLBURY,M,27,7,293.02,2
39825,301,2024-03-28,2024,3,28,5,5,353.19,1765.95,5,CASH ON DELIVERY,NEW ISAACMOUTH,,50,5,353.19,1
62981,200,2024-07-20,2024,7,20,7,2,422.99,845.98,5,CASH ON DELIVERY,WRIGHTPORT,,67,7,169.96,3
25985,480,2025-02-07,2025,2,7,6,2,353.23,706.46,,BANK TRANSFER,PORT DEBBIEBOROUGH,M,65,2,353.23,1
78972,112,2024-10-24,2024,10,24,5,4,288.22,1152.88,5,CREDIT CARD,ROBINSONSTAD,,60,10,320.66,3
13112,202,2024-12-15,2024,12,15,1,2,182.06,364.12,3,CASH ON DELIVERY,SOUTH KATHERINESIDE,,35,6,179.39,2
36855,132,2024-09-22,2024,9,22,1,2,301.92,603.84,,CASH ON DELIVERY,PORT JO,F,43,2,301.92,1
32569,336,2025-02-06,2025,2,6,5,2,336.89,673.78,1,CREDIT CARD,PORT CATHERINE,,26,2,336.89,1
31253,226,2024-12-11,2024,12,11,4,3,428.95,1286.85,,CASH ON DELIVERY,NEW COLESIDE,M,43,4,341.705,2
81896,105,2025-01-20,2025,1,20,2,2,307.59,615.18,,BANK TRANSFER,NEW MATTHEW,M,21,2,307.59,1
58481,128,2024-04-18,2024,4,18,5,4,99.56,398.24,5,CASH ON DELIVERY,TAYLORLAND,,57,7,276.88333333333327,3
28063,398,2024-05-03,2024,5,3,6,5,16.7,83.5,,BANK TRANSFER,ROBERTSBURY,,26,10,44.945,2
47212,856,2024-03-28,2024,3,28,5,4,477.68,1910.72,,CREDIT CARD,PORT JORDAN,M,29,5,353.885,2
20636,707,2024-03-22,2024,3,22,6,2,257.81,515.62,,BANK TRANSFER,PARKERFURT,F,31,4,166.70499999999998,2
66122,280,2024-11-06,2024,11,6,4,1,401.05,401.05,,CASH ON DELIVERY,RYANBERG,M,46,4,350.615,2
50575,107,2024-09-24,2024,9,24,3,4,225.83,903.32,,CREDIT CARD,LAKE SHARONMOUTH,M,29,5,171.65,2
53004,309,2024-09-19,2024,9,19,5,5,249.38,1246.9,,CREDIT CARD,NEW BRITTANYTOWN,M,20,5,249.38,1
69817,100,2024-12-12,2024,12,12,5,4,179.94,719.76,,BANK TRANSFER,WEST JENNIFER,F,18,4,179.94,1
97874,967,2024-05-30,2024,5,30,5,5,381.31,1906.55,,CREDIT CARD,LAKE MATTHEW,,71,13,242.54,4
80435,681,2024-07-05,2024,7,5,6,1,232.24,232.24,,CASH ON DELIVERY,KENNETHFORT,M,41,4,253.91666666666666,3
56269,575,2024-08-25,2024,8,25,1,5,155.73,778.65,,CREDIT CARD,LEACHSTAD,F,57,11,194.75333333333333,3
82756,597,2024-09-28,2024,9,28,7,3,445.82,1337.46,,CASH ON DELIVERY,RICEMOUTH,F,73,3,445.82,1
42912,811,2024-10-05,2024,10,5,7,5,60.3,301.5,,BANK TRANSFER,JOSHUABOROUGH,F,21,5,60.3,1
